THEY ARE NEVER GOING BACK TO SCHOOL ,teachers,other,1.1810050636995584e-05,0.00020415737526491284,0.9995774626731873,0.00020665062766056508
Corona-virus can be killed by alcohol Adults Kids GUESS I'LL DIE ,kids,victim,4.1700991459947545e-06,1.0625451068335678e-05,0.9999452829360962,3.9898579416330904e-05
HERE WE GO AGAIN! MY PRECIOUS ,toilet paper,other,2.5838849069259595e-06,2.4727019081183244e-06,2.435780743326177e-06,0.9999924898147583
"IN THE AGE OF COVID-19, MEMES CAN KILL THE PEOPLE YOU LOVE STOP SPREADING LIES AND CHECK YOUR DAMN SOURCES! nakeamena.erg ",memes,villain,1.1873614312207792e-05,0.9999707937240601,3.951141479774378e-06,1.3353186659514904e-05
"213,000 Americans died because Donald Trump refused to be honest with the American people. ",americans,victim,1.2553209671750665e-06,2.5660178835096303e-06,0.9999945163726807,1.6379343605876784e-06
beshram memer Obeshram_memer After successfully human trial of #coronavaccine by russia Putin and scientists research team be like #RussianVaccine ,russia,other,0.05150695890188217,0.014198889024555683,0.0007109271828085184,0.9335831999778748
LL Lugh Landing BLnghlanding Vintage picture of an old tradition of people eating cake after someone blows air trom their mouth onto t Circa: 2019 B.C. (Before Coronavirus) ,cake,other,8.217554750444833e-06,1.908476178869023e-06,2.0451250293263e-06,0.9999878406524658
People with a normal fever People with coronavirus Be smart. Stay home if you're sick. WASH YOUR HANDS! eiywitcheswite ,covid infected people,villain,3.465288955339929e-06,0.9999916553497314,2.44205625676841e-06,2.552221303631086e-06
Donald J. Trun PRO LIFE! VOTE 48 4K Donald J. Trump MASSIVE REGULATION CUTS VOTE 82K Donald J. Trump O SPACE FORCE. VOoTE! 270K Donald J. Trump DEST VA EVER 91% APPE ,donald trump,other,0.047959502786397934,0.049316778779029846,0.03412836790084839,0.8685953617095947
DEMON POSSESSION DOESN'T ALWAYS LOOK LIKE THIS. IT CAN ALSO LOOK LIKE THIS ,nancy pelosi,villain,3.029446816071868e-06,0.9999865293502808,3.829791694442974e-06,6.6724942371365614e-06
"Thakur is Safe from CoronaVirus. No hands, No handshake, No touching Nose. ",thakur,hero,0.9998418092727661,8.894039638107643e-05,2.6367843020125292e-05,4.2921568820020184e-05
Texas LIVE 19:45 BREAKING NEWS Chuck Norris has been exposed to Coronavirus (COVID-19) The virus is now in quarantine for 14 days ,coronavirus,victim,0.0015184811782091856,0.04897480458021164,0.910648763179779,0.03885798528790474
PLAY IT A SAFE DON'T WORRY LEAVE OUR BORDERS ОРEN SHUT OUR BORDERS TO CHINA NOW 98% LEAVE THEM OPEN CLOSE THEM NOW This pal has ended. 33.K Vates ,china,villain,2.7542788302525878e-05,0.9998983144760132,2.8001082682749256e-05,4.6108161768643185e-05
"Twitter Safety TwitterSa. · 2h In addition, we will: 1 No longer serve content and accounts associated with QAnon in Trends and recommendations 2 Work to ensure we're not highlighting this activity in search and conversations 3 Block URLS associated with QAnon from being shared on Twitter GANONS WE NEED TO DIG DEEPER! ",twitter,hero,0.9991289973258972,0.00040415162220597267,1.6972049706964754e-05,0.00044997024815529585
"The Volaile Mermaid TFW you hear that Trump and Melania have COVID REALLY DON'T CARE DO UF 1237 AM-Oct 2, 2020 Twitter for Phanw ",donald trump,victim,2.852600118785631e-06,0.0002997209958266467,0.9996843338012695,1.3117981325194705e-05
"MARTY, WHATEVER HAPPENS DONT EVER GO TO 2020! ",2020,villain,1.7732960486682714e-06,0.9999947547912598,1.6618508880128502e-06,1.7507738903077552e-06
2021 W Be Year ME 2020 ,2020,villain,3.660721176856896e-06,0.9999604225158691,3.63352205567935e-06,3.228722562198527e-05
"Muhyiddin: Please stay at home Malaysians: ""go yumcha with friends* *ask workers go office do nothing ""gather to pray Muhyiddin: SABCO ",muhyiddin yassin,victim,1.5655190281904652e-06,1.3729992360822507e-06,0.9999935626983643,3.4882798445323715e-06
INDIA ITALY we have over 10k infected with coronavirus 10k? we have over 150k & counting USA CHINA 150k? we have over 570k & Vouguys are COunting? Counting ,china,villain,6.459077667386737e-06,0.9999767541885376,6.58287945043412e-06,1.020899617287796e-05
"S MEMES emerea S Me and my homies HATE carona virus Prom, sports, and graduation gets cancelled, can't hang with friends Teachers still giving us work to do 41T PM Mer 3 2020 Twiter tar Phone 1Detwest 2o ",homies,victim,1.598566541360924e-06,2.567358251326368e-06,0.9999922513961792,3.5532848414732143e-06
"""2020 can't get any worse"" April: 31 Funny Memes To Chill About During Quarantine #Coronavirus #Covid-19 #Funny #Memes #Quarantine #TakeAChillPill ",quarantine,other,1.5138496110012056e-06,1.382259142701514e-06,1.4553636447089957e-06,0.9999955892562866
"Dr. Fauci graduated 1st in his class at Cornell Medical School, served under 6 presidents, and has received numerous awards and honors. Other98 Meanwhile, Trump paid someone to take his SATS, and suggested injecting disenfectant as coronavirus treatment. I choose to believe Fauci. ",donald trump,villain,2.4563985334680183e-06,0.9999910593032837,2.8864669729955494e-06,3.568848342183628e-06
He thinks this is the ANCNEWS SPECIAL REPORT LIVE PRESIDENT TRUMP DECLARES NATIONAL EMERGENCY AVAVA AVAVAV Mak Allen ,corona beer,other,0.002060071798041463,0.0011007316643372178,0.000669692934025079,0.9961695075035095
Coronavirus: Austria bans all gatherings of more than five people Families of 6: ,family of 6 members,victim,1.7755975932232104e-05,6.767815648345277e-05,0.9998912811279297,2.322032378287986e-05
"HEART DISEASE IS THE NUMBER ONE CAUSE OF DEATH, DID YOU KNOW THAT? THATS A BADGE OF HONOR, BECAUSE WE WILL BEAT THAT, BELIEVE ME ",donald trump,villain,0.007593366317451,0.981685221195221,0.001879072398878634,0.008842319250106812
"James Woods e @RealJames. 13 Aug v This is our last stand, folks. And here's your last defender. If they take him down, America is gone forever. Vote for @realDonald Trump like your life depends on it. 24K 13 76.2K 174K ",donald trump,hero,0.9939746260643005,0.0010976424673572183,0.0013230579206719995,0.003604650730267167
"MORE KIDS DIED WITH MY VIRUS. WIN ME FLU 60.8 MILLION CASES MY MEDIA CODDLED ME LIKE A LITTLE BABY. 18.306 DEATHS CNN SAID 1,700 DEATHS BEFORE I ID ANYTHING . NOTHING! ",media,other,8.447440632153302e-05,0.0009469860233366489,0.00010027986718341708,0.9988683462142944
Dholakpur hasn't registerd a Single Case of corona virus. AHuge respect welcome to dholakpur ,dholakpur,hero,0.9991217255592346,0.0005442397086881101,0.0003295471251476556,4.496867859415943e-06
"donaldrumpr Pollow 10h I had to... Porn hub Fte Raat Dewninat Orange Man Fucks Entire Democratie Party 117,122 vews ",democratic party,victim,1.2723097597699962e-06,2.1503681182366563e-06,0.9999922513961792,4.251136033417424e-06
DIVORCE LAWYERS WAITING FOR PEOPLE TO BE QUARANTINED WITH THEIR SPOUSE FOR WEEKS ,spouse,victim,2.529765652070637e-06,4.465406163944863e-06,0.9999891519546509,3.826574356935453e-06
"THEFUNNYBEAVER.COM Do yau know how fast you were going? Yes, sorry I HAVE CORONA VIRUS OK. Carry on. ",coronavirus,other,1.94360673049232e-05,3.963290510000661e-05,1.525424886494875e-05,0.9999256134033203
"Indian 8. G Curana Go Yesterday Rekha Jis Socurty Guard tested COVID postive Now, Amit ji tosted COVD positivatiekhatAmitateBachan Aap chronology samajhiye Om 1203 AM - Ja 12, 200 O20 people are talng atout is ",coronavirus,other,6.330564701784169e-06,1.9263423382653855e-05,5.654483175021596e-06,0.9999687671661377
CALLGOMO DowA THE ETH OF THE TRUMP ADMINISTRATION EXTIRE BS POPULATON WHY WOULD CHINA DO THIS? ,us population,victim,1.316614316237974e-06,0.00022235642245505005,0.9997712969779968,5.021355264034355e-06
Me: Gee I sure hope no one with the coronavirus travels to my town Coronavirus patients: Yourka Eallm We deliver! ,coronavirus patients,villain,1.5387287248813664e-06,0.9999951124191284,1.4313109204522334e-06,1.914042059070198e-06
"When China says calling COVID-19""Chinese Virus is racist Japanese Encephalitis Virus, Spanish Flu, Ebola and Zika virus Amlajoke toyou? ",zika,victim,1.0550801334829885e-06,1.0870729738599039e-06,0.9999680519104004,2.9831711799488403e-05
"Mary Emaryyyyrosee Me: I can't stop thinking about, talking about, or reading about the coronavirus Netflix: let me introduce you to Joe Exotic and Carole Baskin. #TigerKing ",netflix,other,5.340925326891011e-06,7.1770141403249e-06,2.4703761027922155e-06,0.9999849796295166
"AICB UGANDA CONFIRMS 45 POSITIVE CASESO COVD-20 ""This will be the end of UGANDA ",uganda,victim,7.860289770178497e-06,2.0961029804311693e-05,0.9998929500579834,7.813655975041911e-05
Congratulatios You Have Won mant.ks Free Trip To China ,china,villain,2.6075297228089767e-06,0.9999922513961792,2.1991131688992027e-06,2.928192316176137e-06
Government: Work from home Pornstar's Actual Stepbrothers: PAILGAGS.COM ,work from home,other,1.5600197684761952e-06,1.4208911807145341e-06,1.4634442777605727e-06,0.9999955892562866
China Stop eating everything that moves. ,china,villain,4.503573563852115e-06,0.9999847412109375,4.976237960363505e-06,5.6720291468082e-06
Victoria's Secret launches face masks ! ,face mask,other,1.469200697101769e-06,1.3083251815260155e-06,1.239853304468852e-06,0.9999959468841553
Government: *urges people to work from home during the pandemic* Uber drivers: ,uber drivers,victim,1.3373329466048745e-06,1.55484360675473e-06,0.9999946355819702,2.4856092295522103e-06
TRUMP SUPPORTERS WON'T BE CONVINCED BECAUSE THEY ONLY SUPPORT HIM WHEN HE SAYS WHAT THEY ALREADY BELIEVE ,donald trump suporters,villain,2.1429154003271833e-05,0.9997186064720154,0.00021694505994673818,4.302606976125389e-05
WHEN YOU TURN AROUND AND A STUDENT IS GIN AWAY FROM YOU INSTEAD OF GFT ,student,other,2.4866010335244937e-06,2.3823540686862543e-06,2.2103363335190807e-06,0.9999929666519165
"TFW the October Surprise is the doctor saying, ""Sorry, sir, but you've tested positive for coronavirus"" ",donald trump,victim,7.781261228956282e-05,0.0007692378712818027,0.9990195035934448,0.00013342360034585
Work at Home Mom Wat Secieny Thints ilo What y Mem sin What TI Whail What yestand Wtes ID Whalilada e 18 Working From Home Memes That Perfectly Sum It Up| Sayinglmages.com ,mom,hero,0.9967371821403503,0.0030052601359784603,4.358755177236162e-05,0.00021402290440164506
"CNN Live TV 6 people dead, almost 300 infected as China confirms Wuhan virus can be spread by humans By James Grmus and Mectar Gan, CNN Upaated Gs0 AM EST, Tue danuaty 24, 2020 I SHOULD MOVE TO GREENLAND ",greenland,other,0.00029774432186968625,0.00022688401804771274,0.00024019395641516894,0.9992351531982422
KILLED BYALCOHOL TEMPERATURES ABOVE 57 DEGREES Experts Say Deadly Wuhan Virus Can Be Killed By Alcohol & High Temperatures! Don't worry. We got you holmes. ,alcohol,other,0.006594901438802481,3.765262363231159e-06,4.014382284367457e-06,0.9933973550796509
2nd wave of Coronavirus The World ,2nd wave of coronavirus,villain,4.302091383578954e-06,0.9999768733978271,4.091443770448677e-06,1.4774857845623046e-05
Experts Say Deadly Wuhan Virus Can Be Killed By Alcohol & High Temperatures! T used the corona to destroy the corona ,high temperatures,other,1.5505673218285665e-05,3.738025725397165e-06,3.6095307223149575e-06,0.9999771118164062
Me in Quarantinel TOI BEFORE AFTER ,quarantine,other,3.3917756354640005e-06,3.3423834793211427e-06,3.501692162899417e-06,0.9999897480010986
"CHINA COVERS UP WUHAN VIRUS, LET THEIR ILL TRAVEL HERE WHILE DISAPPEARING"" THE WHISTLEBLOWERS BUT SAYS ITS RACIST TO CALLIT CHINESE VIRUS AND THESE CLOWNS PARROT THEM & ATTACK TRUMP WHO IS TRYING TO MITIGATE THE DAMAGE makeamemearg ",hillary clinton,villain,4.058167178300209e-06,0.9999861717224121,4.792083927895874e-06,4.989036824554205e-06
TRUMP WORE A MASKI WE HATE MASKS NOW! ,mask,other,0.00031197277712635696,0.002156873932108283,0.0028584895189851522,0.9946727156639099
THE REAL PANDEMIC IS CHILD SEX TRAFFICKING ,children,victim,3.381510396138765e-06,2.42029254877707e-05,0.9999569654464722,1.5532608813373372e-05
"CHINA COVERS UP WUHAN VIRUS, LET THEIR ILL TRAVEL HERE WHILE DISAPPEARING"" THE WHISTLEBLOWERS BUT SAYS ITS RACIST TO CALLIT CHINESE VIRUS AND THESE CLOWNS PARROT THEM & ATTACK TRUMP WHO IS TRYING TO MITIGATE THE DAMAGE makeamemearg ",bernie sanders,villain,4.011004421045072e-06,0.9999856948852539,4.48487799076247e-06,5.7543547882232815e-06
TRADE WITH OTHER AMERICANS AND NO ONE BATS AN EYE TRADE WITH FOREIGNERS AND EVERYONE LOSES THEIR MINDS wade on ngu ,foreigners,victim,3.7156360122025944e-06,6.611896424146835e-06,0.9999556541442871,3.3999491279246286e-05
WHERE'S WALDO? soCIAL DiANCING EDITION CORONAVIRUS МЕMES ,waldo,other,3.78076560991758e-06,8.90247156348778e-06,8.02530485088937e-06,0.9999792575836182
*Made in China* STARECAT.COH ,china,villain,2.3686557142355014e-06,0.9999847412109375,2.3369022983388277e-06,1.0516347174416296e-05
Where's your lunch money? HOMESCHOOLTHEY SAID Dad stele it. LTELBE FUN THEY SAID TWO STUDINTS SUSPENDED FOR FIGHTING AND ONE TEACHER FIRED HOMESCHOOLING GONE TERRIPLY AWRY FOR DRINKING ON THE JOB. ao aco.c ,home school,other,9.138393579632975e-06,1.0090662726724986e-05,8.876286301529035e-06,0.999971866607666
PUTTING PENCE INCHARGE OF CORONAVIRUS IS TRRESPONSIBLE BECAUSE HE LITERALLYDOES NOT BELIEVEINSCIENCE STATUS LELEE AntiVirus UNLIKE ME WHO HAS MODERN SOLUTIONS TO MODERN PROBLEMS ,norton antivirus,other,0.007630333304405212,0.003238608129322529,0.003418096574023366,0.985713005065918
"THE FRENCH DISEASE ENGLISH SWEATING SICKNESS THE SPANISH INFLUENZA AFRICAN SLEEPING SICKNESS WUHAN VIRUS Ekes com Call it Coronavirus, you round-eyed racists! imgflip.com ",english sweating sickness,other,0.0007082339725457132,0.000744431687053293,0.0008174446993507445,0.9977299571037292
"Jayn Me coming back to school after 2 months due to the virus #meme smemes2020 #coronavirusmemes 248 +208 स पा ८ि SOLAM M 18, 22 Twiner to Pone ",school,other,6.4150722209888045e-06,6.272942755458644e-06,8.97311565495329e-06,0.9999783039093018
"""BAAAAAHHHH"" ""STAAAAY SAAAAAAAAFE"" ",mask,other,1.7334340327579412e-06,1.337344542662322e-06,1.19797300612845e-06,0.9999957084655762
HAPPIEST MAN RIGHT NOW O indra guha ,thakur,hero,0.9991039633750916,0.0007495573372580111,1.140722361014923e-05,0.00013508080155588686
"RememBer ouR COUNTRY BACK BEFORE We TOOK A BIG, STEAMING DumP ALL over OUR BOOMING économy AND LET ALL THese GLOBALIST ELITES in GoVERnmenT STRIP US OF OUR FREEDOMS AND LIBERTIES BECAUSE OF A VIRUS WITH A 98% RecoveRY RATre? ",economy,victim,1.1119103646706208e-06,1.0442881830385886e-06,0.9999959468841553,1.8984386542797438e-06
WHY SHOULD WE LISTEN TO DOCTORS &SCIENTISTS WHEN THEY ARE THE ONES BRE WHO STARTED THIS VIRUS? ,scientists,villain,3.7733611861767713e-06,0.9999834299087524,4.619723767973483e-06,8.109955160762183e-06
DON'T LET COVID TAKE OVER YOUR LIVES! DONT LET COVID TAKE YOUR LIFE! WEAR A DAMN MASK! ,joe biden,hero,0.9990547299385071,0.0003056532586924732,8.306912786792964e-05,0.0005566102336160839
"melz @mvazquez17 Me sending my dog out for supplies since he can't contract COVID-19 LogoT coc GIF 10:04 AM - Mar 13, 2020 - Twitter for iPhone ",covid19,other,1.2267724969206029e-06,1.231522333000612e-06,1.1355294873283128e-06,0.9999964237213135
Ceant Gan Menes Social Distancing Day 2 The pame group is not happy alter I tell them that we are playing Twillight Imperium tomorrow ,dog,other,1.3223554560681805e-05,1.526632217974111e-06,4.18639456256642e-06,0.9999810457229614
HOUSE WA Dr. Fauci unveils a mask that could save millions of lives! ,donald trump,victim,0.004878098610788584,0.004361897706985474,0.9562679529190063,0.034492127597332
ALOO Staying Safe From Corona (COVID-19) ,coronavirus,other,2.2144213289720938e-06,9.283677172788884e-06,2.09906079362554e-06,0.9999864101409912
"LET ME GET THIS STRAIGHT, YOU THINK THE PRESIDENT GETTING COVID IS FUNNY? I DO. AND I'M TIRED OF PRETENDING IT'S NOT. ",donald trump,villain,2.7544965632841922e-05,0.9991775155067444,0.0007542953244410455,4.063806773046963e-05
"NBC NEWS NOW He +hinks +his is +he Corona covrona- ""Extra virus RESINATET UNIT EAL e NBC NEWS SPECIAL REPORT LIVE PRESIDENT TRUMP DECLARES NATIONAL EMERGENCY NBC NEWS VAVA Mark Allen @MarkAll14843373 STATE ",donald trump,villain,2.618392045405926e-06,0.9999912977218628,3.1480421966989525e-06,2.9880739020882174e-06
"IF PROPERLY FITTED, ONE MASK CAN SAVE MANY THOUSANDS OF LIVES Dr. Fauci XESH HE WH WASE ",donald trump,villain,3.509817906888202e-05,0.9998418092727661,5.270836118143052e-05,7.042914512567222e-05
"Corona Virus Pandemic, Daylight Savings Time, Friday the 13th and a full moon all in the same week... Who the hell is playing Jumanji? ",jumanji,other,2.3596455775987124e-06,2.3103764306142693e-06,2.385791958658956e-06,0.9999929666519165
When the Chinese kid in your class coughs: My time has come ,chinese,villain,1.661749706727278e-06,0.9999948740005493,1.505928935330303e-06,1.902924623209401e-06
THEY ARE NEVER GOING BACK TO SCHOOL ,parents,victim,2.4341841253772145e-06,3.8015525660739513e-06,0.9999815225601196,1.2287429854040965e-05
"In Home Alone 2, Trump tells Macaulay Culkin to get the fuck out of his hotel unless he can find himself an N95 mask and practice better social distancing. ",macaulay culkin,victim,2.221794602519367e-06,2.361117140026181e-06,0.9999574422836304,3.804084917646833e-05
rachel @BUGPOSTING customers love to tell you how crazy it is that you are still open and working at the bagel store as they come into the bagel store to purchase bagels 10:14 AM - 14 Mar 20 - Twitter for iPhone ,customers,other,2.5654469482105924e-06,3.4408728879498085e-06,2.6265379347023554e-06,0.9999914169311523
"WHATEVER YOU ARE, BE A GOOD ONE. IF NOT NOW, WHEN? IF NOT US, WHO? YOUR VOICE CAN INJECT YOURSELVES CHANGE THE WORLD WITH DISINFECTANT ",abraham lincoln,hero,0.9964779019355774,0.0007678547408431768,0.0007513689924962819,0.0020029419101774693
China sayes the world ,china,hero,0.04564152657985687,0.9310884475708008,0.007804736960679293,0.01546524278819561
CONGRATS TO THE CORONA VIRUS FOR BEING THE FIRST THING MADE IN CHINA TO LAST LONGER THAN A MONTH STARECAT.COM ,coronavirus,other,6.520439455925953e-06,2.9251104933791794e-05,6.097503046476049e-06,0.9999581575393677
"YEAH, THIS IS THE GUY THATIS GOING TO SAVE US FROM COROMAVIRUS? Critieal Spaee Fght Hardware DO NOT ToUCHr WE'RE ALL DOOMED. ",joe biden,villain,0.0002689640677999705,0.9960474371910095,0.00028949292027391493,0.003394146217033267
"O Nicole o eaurencolee Getting on Twitter to see that Trump AND Melania caught COID 12:00 PM Cet 2, 2020 O1 $ See the latest COVID-19 information on Twitter ",covid19,other,2.834427050402155e-06,6.951300747459754e-06,2.2923700271348935e-06,0.9999879598617554
COVID-19 My gains ,covid19,villain,1.8762375475489534e-06,0.9999933242797852,1.8802032855091966e-06,2.882809212678694e-06
WORK AT-HOME- PROBLEM #1 ,dog,other,9.966861398424953e-05,1.554774144096882e-06,7.856386946514249e-05,0.9998202919960022
PEOPLE WITH THE NORMAL FLU: PEOPLE WITH THE CORONAVIRUS: I TRAVEL THE WORLD AND THE SEVEN SEAS ,covid infected people,villain,2.9276714030856965e-06,0.9999926090240479,2.160292751796078e-06,2.251066916869604e-06
Flexing in March 2019 Flexing in March 2020 Purel ,purell,other,0.0022845796775072813,1.6541123386559775e-06,1.6368319393222919e-06,0.9977121353149414
"THANK YOU, STUDENT LOANS, FOR HELPING ME GET THROUGH COLLEGE. I DONT THINK I CAN EVER REPAY YOU. ",student loans,hero,0.9997879862785339,0.00020599516574293375,2.666835598574835e-06,3.480917257547844e-06
(So how's 20207) Oh There was a virus outbreak And Kobe Bryant died And Australia was on fire But the memes are great ,australia,victim,1.7686583078102558e-06,1.838143930399383e-06,0.9999918937683105,4.525300028035417e-06
Kids: Ugh I wish spring break was longer Coronavirus: As you wish ,kids,other,0.01289587002247572,0.11721818894147873,0.14550524950027466,0.7243806719779968
Exam get cancel cz of corona virus Toppers Me who not have buyed books yet ,exams,other,6.452972684201086e-06,5.778540526080178e-06,1.8344278942095116e-05,0.999969482421875
COVID-19 is everywhere but countries with heads of state managing the crisis better seem to have something in common. GERMANY NEW ZEALAND BELGIUM FİNLAND ICELAND DENMARK ,belgium,other,0.026344915851950645,0.019081808626651764,0.017188047990202904,0.9373852610588074
Me when my manager has the audacity to assign me work in the middle of a global pandemic Númber one: how dare you? OTHEMILLENNIALGRIND ,manager,other,7.782644388498738e-05,9.799343388294801e-05,6.853914965176955e-05,0.9997556805610657
"EVERYONE LITERALLY ANY MASK HAND WASHING, DISINFECTION, CONTACT AVOIDANCE ",people,villain,0.00030828826129436493,0.9467442035675049,0.03238740190863609,0.02056010067462921
People with normal fever: I should take rest. People with SACKIE CHAN AROUND THE WORLD Corona Virus: DAYS ,covid infected people,villain,3.665348458525841e-06,0.9999886751174927,2.6092616280948278e-06,4.9566397137823515e-06
When the people of Wuhan are wondering why there's only 1 plane coming to disinfect the city China Exterminates the Coronavirus in Wuhan (2020) ,wuhan people,victim,1.3295343705976848e-05,5.127950862515718e-05,0.9996293783187866,0.0003060426388401538
"Oheybi me @ COVID when trump recovers because he has access to the wery best medical care I was rooting for you, wo were all rooting for you! How dare you?! 107 AM Oet 2, 2020 Twier Web App ",donald trump,villain,1.0007505807152484e-05,0.9997257590293884,0.00025155977346003056,1.2677762242674362e-05
"MAKE AMERICA GREAT AGAIN BY SPREADING COVID SERIOUSLY, YOU HAD ONE JOB. ",donald trump,villain,1.9692692148964852e-05,0.9999268054962158,2.770799801510293e-05,2.5914971047313884e-05
Remember when Trump made fun of my giant mask Then he said don't talk to me about smart ,joe biden,other,0.00011234888370381668,0.0010536751942709088,1.947761484188959e-05,0.9988144636154175
CANADA AUSTRALIA GERMANY FRANCE MEANWHILE IN AMERICA ,donald trump,other,0.00011573280789889395,0.00031448822119273245,4.671704664360732e-05,0.9995230436325073
EVERY NIGHT WE WAIT PATIENTLY The coronavirus has proven that the traffic problem can be fixed by more jobs offering work from home options FOR THE RELEASE OF THE DALY NIMBERS OF NEW INFECTION/CLUSTER 30 CORONAVIRUS MEMES TO LIGHTEN YOUR MOOD Go Ahead and Laughl ,traffic,other,6.677750207018107e-06,4.3915374590142164e-06,4.653275027521886e-06,0.9999842643737793
"To, CoroNA virus (You destiayer coronA You are the fwofa ",coronavirus,villain,3.4262773169757565e-06,0.9999843835830688,3.0831129151920322e-06,9.103367119678296e-06
Everyone: oh no there's no vaccine for the Coronavirus! I'm completely unprotected! The Anti-vaxx kid: First time? boredpandah ,coronavirus,other,3.7832465750398114e-05,3.033642133232206e-05,3.15275028697215e-05,0.9999003410339355
corona virus my birthday plans ,coronavirus,villain,1.650689114285342e-06,0.9999923706054688,1.6765588952694088e-06,4.301312856114237e-06
Very realistic Trump mask seen at Bayside near Port Miami ,miami,other,4.2246274460921995e-06,4.034428911836585e-06,4.218572030367795e-06,0.9999874830245972
"Okilled 3000 New Yorkers during 911 Hold my beer. Ikilled 30,000 New Yorkers AMERICAN CRISIS and wrote a book! LEADERSHIP LESSONS FROM THE COVID-19 PANDEMIC ANDREW CUOMO ON SALE OCTOBER 13, 2020 imgflip.com ",andrew cuomo,villain,2.2365962649928406e-05,0.9999459981918335,1.7675325580057688e-05,1.3933668014942668e-05
people normally people during quarantine ,people,villain,3.6096425901632756e-06,0.9927815794944763,0.007189473602920771,2.5279796318500303e-05
CORONA BEER CHANGES THEIR NAME TO AVOID ASSOCIATION WITH THE CORONA VIRUS OUTBREAK Eb Ebol Ehola Ebola Extre Extra ,corona beer,victim,5.870694621989969e-06,0.00012956895807292312,0.9998144507408142,5.015778515371494e-05
Me watching Horror WHEN PEOPLE GET KILLED WHEN A DOG GETS KILLED ,horror,other,2.4301439225382637e-06,2.200167955379584e-06,2.2318422452372033e-06,0.999993085861206
"MY EMPLOYER SAYS THAT I'M AN ""ESSENTIAL"" EMPLOYEE MY PAYCHECK SAYS THAT IS A LIE. ",employee,victim,6.270995982049499e-06,5.7182310229109135e-06,0.9999797344207764,8.26470750325825e-06
When all the kids go back to school after being homeschooled.. MA-MA-M-M-MAMA SAID. ,school,other,1.9931815131712938e-06,1.9761243947868934e-06,2.0184543245704845e-06,0.9999940395355225
When died due to Corona you Virus and again born in China ,china,villain,3.742787384908297e-06,0.9999884366989136,3.279213615314802e-06,4.505347078520572e-06
2020 WUHAN VIRUS PANDEMIC THANK GOD I LOST! makeameme.org ,hiliary clinton,villain,4.845602234127e-06,0.9999829530715942,5.198606686462881e-06,6.878882686578436e-06
"TRUMP SAID, LOOK, I HAVE MY MASK RIGHT HERE IN MY POCKET le Ai y THE MASK WORKED WELL, HIS POCKET TESTED NEGATIVE FOR COVID-19 nplip.com ",covid19,other,3.415452511035255e-06,3.2091879802464973e-06,3.2963137073238613e-06,0.9999901056289673
"EVERYONE LITERALLY ANY MASK HAND WASHING, DISINFECTION, CONTACT AVOIDANCE ",hand wash,victim,0.20508790016174316,0.19970744848251343,0.24949519336223602,0.3457094430923462
THE REAL PANDEMIC IS CHILD SEX TRAFFICKING ,child sex trafficking,villain,6.31749389867764e-06,0.9999761581420898,7.711722901149187e-06,9.801891792449169e-06
Corona virus which can be killed by alcohol I don't fear you. Slavs Then you will die braver than most. ,slavs,other,0.00013028689136262983,2.4116860004141927e-05,2.3577407773700543e-05,0.9998220801353455
I am a work at home mum How employed women see me How my mum Soes me How SAHMS see me Haw my kids see me How I see myself What I actualy do www.TalkAboutCreative.com.au ,mum,victim,2.4700302674318664e-06,4.740013991977321e-06,0.9999880790710449,4.802579496754333e-06
CORONA BEER CHANGES THEIR NAME TO AVOID ASSOCIATION WITH THE CORONA VIRUS OUTBREAK Eb Ebol Ehola Ebola Extra Extre ,corona beer,victim,3.0626463285443606e-06,0.0001799135934561491,0.9997603297233582,5.6751789088593796e-05
WHAT IF THE REAL REASON PRESIDENT TRUMP DOESN'T WEARA FACE MASK IS BECAUSE HE KNOWS THAT COVID-19 WAS A BOTCHED 2019 FLU SHOT THAT IS KILLING THOUSANDS WORLDWIDE AND PRESIDENT TRUMP IS A AN ANTIVAXXER. ,donald trump,other,0.006129416637122631,0.0006041335873305798,0.05023038759827614,0.9430361390113831
Scientists: laughter can boost the immune system The entire internet: *laughing at coronavirus memes* Coronavirus: ,coronavirus,victim,1.499842073826585e-05,0.00014282831398304552,0.9996064305305481,0.00023578159743919969
Coronavina aer va Thik hai Bhai Ab Maie Chata Heen #OXFORDVACCINE COVID-19 VACONE ,coronavirus,other,3.2806645322125405e-05,0.0002529321063775569,3.157630271743983e-05,0.9996826648712158
"O Nicole O @queencolee Getting on Twitter to see that Trump AND Melania caught COVID GIF GIFULMINATION.COM 12:00 PM Oct 2, 2020 O 1 4 See the latest COVID-19 information on Twitter ",joe biden,villain,3.1772262445883825e-05,0.999875545501709,2.6630295906215906e-05,6.60359364701435e-05
HOMESCHOOLING IS GOING WELL WO STUDENTS SUSPENDED FOR FIGHTING AND ONE TEACHER FIRED FOR DRINKING ON THE JOB. ,teacher,victim,1.2757124750351068e-05,9.157163731288165e-06,0.9999427795410156,3.529659079504199e-05
THERE IS A MUCH MORE SINISTER REASON WHY CHINA LET THE VIRUS GO AND WITHHELD INFORMATION. AS PELOSI SAID.CHINA PREFERS BIDEN TO WIN THE ELECTION. WHERE'S HUNTER? WILL HUNTER BE SUICIDED LIKE EPSTEIN? ndio.com ,joe biden,villain,8.527771569788456e-05,0.9996672868728638,8.2804610428866e-05,0.00016461272025480866
CHINA BEFORE CORONAVIRUS CHINA AFTER CORONAVIRUS ,china,hero,0.8225140571594238,0.14282873272895813,0.02137668989598751,0.013280547223985195
"Chinese woman dodges airport screening in France, travellers told to heed checks for Wuhan virus What an idiot. What a Idiotic idiot. ",airport,other,0.0167506355792284,0.020808085799217224,0.02957017719745636,0.9328710436820984
Kat atoeswenth Ncoronavirusmemes Currency in the new world: Disinfectast Spray RIRNOF Purel 4 AM Mat 14 200 twitter ar itone ,coronavirus memes,hero,0.9964802861213684,0.0008259326568804681,8.249058009823784e-05,0.0026113982312381268
"Latte Lover eCyolatadom 'm no longer using stoplights. It's the governments way of trying to tel me what I do with my own car and I'm not going to be controlled. You are sheep if you use stoplights. Other people aren't my responsibity, they should Some pecpla thirk we shouid wear masks Some people think w shouldn't woar mask But deep down we all know look out and make sure I'm not coming! human consciousness was a mistake 2:20 PM- 7n20 Twitter far Android ",government,villain,2.5298572836618405e-06,0.9999871253967285,2.223677256552037e-06,8.065542715485208e-06
"E MailOnline News Mexico is considering closing its border to stop Americans bringing coronavirus into its country as US case count passes 2,000 By Jennifer Smith For Dailymail.com Well, well, well. How the torntablas com ",us,victim,3.1950428819982335e-05,3.654749161796644e-05,0.9998369216918945,9.453652455704287e-05
"If coronavirus was a person ""All Student Organisations, Societies, Teams, Groups, and Clubs are henceforth disbanded. All Quidditch matches are hereby cancelled. Boys and girls are not permitted to be within 8 inches of each other ",girls,other,4.314022226026282e-05,5.806912304251455e-05,0.0008375014294870198,0.9990612864494324
Me holding in my coughs in public so ppl don't try and quarantine mee ,quarantine,other,3.374173729753238e-06,3.3038788842532085e-06,3.3964049634960247e-06,0.9999898672103882
WHEN CORONAVIRUS SHUTS DOWN SCHOOL. FARM PARENTS CITY PARENTS ,farm parents,other,0.0022555117029696703,0.0016473209252581,0.0011255006538704038,0.9949716329574585
BARACK OBAMA PRESENTS A MEDAL TO HIMSELF. FOR CREATING JOBS DURING THE TRUMP ADMINISTRATION ,donald trump,villain,2.1300054868333973e-05,0.9999406337738037,1.4357505278894678e-05,2.3757262169965543e-05
"CDC: This coronavirus could be a thing. Please wash your hands and stop touching your face. People: I'm going to buy ALL OF THESE MASKS CDC: The masks don't actually prevent you from tatching the virus. Please wash your hands and stop touching your face. People I'm nöt going to eat Chinese food CDC: Walt. what No. That's not. Look. Wash your hands, keep some hand sanitizer around for when you can't. People: trubbing eyes, scratching nose* CDC: STOP TOUCHING YOUR FACE People I'm not drinking that Corona beer either CDC: ???7??? ",cdc (centre for disease control),other,3.4762742870952934e-06,3.3409905881853774e-06,3.544202172633959e-06,0.9999896287918091
"Berenber-veryone who looka Chinene ipect fom now on WHEN I SEE A CHINESE BOY COUGHINGey cgh anywhere n put, vy n. Ma the fe eheyreaspevtthe hen ef the Buok Deat They conont yeu abeut ae yere soed for your e ae wmed consider protectine yorat ther epereif you bomeane whom you beleve tot you hvea good chance to be acquitted npecialyityou donit talk ta the cops and petalay Esnaoleraon an imnedute drgery ME KILLTHE VIRUS HI,I'm trom china Me ",chinese,villain,2.2438478026742814e-06,0.9999934434890747,1.9675426301546395e-06,2.284072706970619e-06
"TRAVEL FOR THE HOLIDAYS? LOOK AROUND YOU JAMIE, WE'RE ON THE BELL CURVE OF COVID! makeamemearg ",covid19,villain,2.392508577031549e-06,0.9999909400939941,2.1984851628076285e-06,4.5220385800348595e-06
CHUCKNORRIS TESTED POSITIVE FOR THE CORONAVIRUS. THEVIRUS WILL BE IN QUARANTINE FOR THE NEXT TWO WEEKS. ,chuck norris,hero,0.9999105930328369,7.004997769399779e-06,5.058460828877287e-06,7.734361861366779e-05
Me and the squad tryna catch the corona virus so we can skip work: Noronn tre ,corona,other,4.081163297087187e-06,1.8457583792041987e-05,3.5366272186365677e-06,0.9999738931655884
Coronavirus Tollet Paper Shortage Alternatives #3 Zacalator Hand-la erete IMa COMMINT THRA Make sure you dont take t00 long and all that shit get stuffed back up ur ass Nobo ,coornavirus,other,3.14832573167223e-06,3.160240794386482e-06,2.8390122679411434e-06,0.9999908208847046
DIVORCE LAWYERS WAITING FOR PEOPLE TO BE QUARANTINED WITH THEIR SPOUSE FOR WEEKS ,divorce lawyers,villain,4.573910246108426e-06,0.9999724626541138,4.662166247726418e-06,1.8310915038455278e-05
"""We need to reopen America"" America right before it reopens: ",america,victim,2.0631778170354664e-06,7.368131718976656e-06,0.9999767541885376,1.3794393453281373e-05
ALL MAJOR REPUBLICAN FIGURES FROM COAST TO COAST NOW WANT YOU TO WEAR MASKS FOX W WITH ONE EXCEPTION. FIGURES. BURG ,republican,other,0.09873423725366592,0.0969625934958458,0.0992346853017807,0.7050684690475464
"CHINA COVERS UP WUHAN VIRUS, LET THEIR ILL TRAVEL HERE WHILE DISAPPEARING"" THE WHISTLEBLOWERS BUT SAYS ITS RACIST TO CALLIT CHINESE VIRUS AND THESE CLOWNS PARROT THEM & ATTACK TRUMP WHO IS TRYING TO MITIGATE THE DAMAGE makeamemearg ",china,villain,3.266567318860325e-06,0.9999887943267822,4.492031621339265e-06,3.4508475437178276e-06
Teacher: Why are you late? Me: Traffic Teacher: But it's an online class Fuck ,god,other,5.3831689001526684e-05,7.217318488983437e-05,4.968159191776067e-05,0.9998243451118469
My Immune System Face Mask Me Alcohol Cor Corona Virus ,coronavirus,villain,3.0986986530479044e-05,0.9985443353652954,3.868389831040986e-05,0.00138603535015136
MASK TRUMP TRUMP DEN CE Help your child find the right Halloween costume ,donald trump,hero,0.9968043565750122,0.0029669133946299553,0.00013902487989980727,8.967213943833485e-05
BREAKING • 3 HRS SCREENRANT.COM Tom Hanks' Blood Being Used to Develop COVID Vaccine P'll finally have a friend in me. ,covid19 vaccine,other,1.2079492080374621e-05,2.720154770941008e-05,1.0447610293340404e-05,0.9999502897262573
Just back from our cruise. Had a great time. ,mask,other,3.7355291624407982e-06,1.689572286522889e-06,1.6995643363770796e-06,0.999992847442627
Trump Announces CDC Mask Guidelines But Says He Probably Won't Follow Them ,centre of disease control (cdc),other,3.0701837658853037e-06,2.810087153193308e-06,3.5095115435979096e-06,0.9999905824661255
SORRY FOLKS THE WORLD IS CLOSED ,the world,other,1.919601345434785e-06,1.9050952460020198e-06,7.579184966743924e-06,0.9999885559082031
"S MEMES emerea S Me and my homies HATE carona virus Prom, sports, and graduation gets cancelled, can't hang with friends Teachers still giving us work to do 41T PM Mer 3 2020 Twiter tar Phone 1Detwest 2o ",coronavirus,villain,1.8557066141511314e-06,0.9999901056289673,1.7591826235729968e-06,6.213755568751367e-06
TRUMP FINALLY PUT ON A MASK BECAUSE HIS MASTER MADE HIM imgflip.com ,mask,other,1.915481561809429e-06,1.7932679838850163e-06,1.8527967995396466e-06,0.9999943971633911
Reporter: why are you calling it the Chinese virus Trump: because it came from China Reporter: don't you think thats a little racist tho Trump: Oit came from CHI-NA ,china,victim,1.4146590956443106e-06,1.424775746272644e-06,0.9999868869781494,1.0195866707363166e-05
When you chilling in class and the Chinese kid next to you starts coughing LP LP LP LP @uofcomedy LP LP LP LP LP LP LP LP LP LP LP LP LP LP LP LP LP We're all gonna die! ,chinese kid,villain,1.599238316885021e-06,0.9999927282333374,1.5567159152851673e-06,4.186595106148161e-06
SENSIBLE PREPPERE CORONAVIRUS PREPPER ,coronavirus prepper,villain,0.2503543794155121,0.4144578278064728,0.0007180438842624426,0.3344697058200836
FENCING: The pertfect COVID-19 Sport Gees certhan tuel te ytab than ,fencing,hero,0.9992331266403198,0.0001898380578495562,4.569735665427288e-06,0.0005724611692130566
"YOU CAN CRY, YOU CAN SCREAM LIBERALS PLAN TO SCREAM AT SKY OVER TRUMP HEADLINES NEWS BUT THE LEFT CAN'T MEME. ngli n ",left,victim,1.866643174253113e-06,1.0184176062466577e-05,0.9999706745147705,1.7337701137876138e-05
1华人只共和 THE W SE inistr Fore WA TRUMP ANGERS CHINA WITH 'CHINESE VIRUS TWEET ,china,victim,1.274368059966946e-06,1.949475290530245e-06,0.9995088577270508,0.0004879604384768754
***** MAGA Morons Are Governing America ,america,victim,4.0145805542124435e-06,5.284248345560627e-06,0.9999737739562988,1.6907448298297822e-05
WHEN YOU FIND OUT CORONAVIRUS CAN INFECT DOGS ,dogs,victim,3.977349115302786e-05,4.243314833729528e-06,0.9999456405639648,1.0336701052438002e-05
WORKING FROM HOME IS GREAT BUT MY NEW SUPERVISOR IS REALLY ANNOYING ,dog,other,4.615406851371517e-06,1.5516114899583044e-06,6.8302556428534444e-06,0.999987006187439
Americans: where do my tax dollars go? The US government: ,americans,victim,1.0223682693322189e-05,1.4812375411565881e-05,0.9997816681861877,0.00019332794181536883
When your one chinese friend era wants to take a sip: pu could od rgo Me and the boys headed to the Chinese Buffet. NEWARK That wo ure ,china,villain,2.587182734714588e-06,0.9999920129776001,2.304742565684137e-06,3.0799449177720817e-06
... DISBANDING PANDEMIC TEAM CALLING COVID19 A HOAX DOWNPLAYING SEVERITY THE HEALTH OF THE ENTIRE US POPULATION TRUMP ADMINISTRATION (adultswim.com) WHY WOULD CHINA DO THIS? tatultswim.com) ,us population,victim,2.033185182881425e-06,7.361226835200796e-06,0.9999852180480957,5.4026518228056375e-06
WUHAN VIRUS IS FROM WUHAN BUT AIN'T ORIGIN FROM CHINA???? SO WUHAN PEOPLE ARE FROM WUHAN BUT AIN'T ORIGIN FROM CHINA? I GUESS I HAVE CONGRATULATE WUHAN FOR HER INDEPENDENCE THEN meme-generator.com ,wuhan,other,8.397112833335996e-05,0.0011448899749666452,0.0006824607262387872,0.9980886578559875
THE CORONA VIRUS CLAIMS ANOTHER LIFE. HE WENT HOME WEARING THE WRONG MASK AND HIS WIFE KILLED HIM. ,coronavirus,villain,7.242814263008768e-06,0.9999599456787109,6.878724434500327e-06,2.5893918063957244e-05
trump roasting biden for cóvid wearing mask cov 19 ,donald trump,villain,4.4250296014070045e-06,0.9997922778129578,0.00018975308921653777,1.3534006029658485e-05
"DAINT WEARING NO SISSY MASK! TRUMP SAYS IT'S ""NOT PRESIDENTIAL"". makeameme.cg ",donald trump,villain,3.0579769827454584e-06,0.9999892711639404,3.9057440517353825e-06,3.707831638166681e-06
"Just in case you are wondering how much the media controls people, America has been vaccinating cattle for coronavirus for years, yet the news tells you it's new and gunna kill you all so go buy mask.. 10 doses 20 ml Bovine Rotavirus- Coronavirus Vaccine Klled Virus Escherichia Coli Bacterin For veterinary use only ",people,victim,4.987199190509273e-06,0.00010170941095566377,0.9985201954841614,0.001373151084408164
SPAIN ITALY we have 1ak coronavirus related fatalities 18k? we have counted over 20k USA CHINA 2O7 we aro airnady above 24k and counting you guysare Counting? ,china,villain,7.17584953235928e-06,0.9999686479568481,6.3998436417023186e-06,1.773407893779222e-05
Government : work from home government: work from home Archaeologists : railroad workers: ,railroad workers,victim,1.7694308098725742e-06,2.771234903775621e-06,0.9999822378158569,1.3242171917227097e-05
VFS Entering into 2020 be like Corona virus Austeroid ,coronavirus,villain,4.009647000202676e-06,0.9999732971191406,4.016593265987467e-06,1.8564303900348023e-05
IS THIS SOUP? ,bat soup,other,3.094331259489991e-05,2.1608989300148096e-06,2.650504029588774e-06,0.9999642372131348
REAKING NEWS BLOW JOBS KILL CORONAVIRUS FECTED PERSON HAS SYMPTOMS an NBA LEGEND KOBE BRYAN NEWw ,china,villain,5.240004156803479e-06,0.9999847412109375,4.723874098999659e-06,5.2826085266133305e-06
"66% WONT CANCEL IN TIER ECITES. * India imarriages in April-Junel Hope to go ahead 45% To postpone or cancel *but trend varies in metro cittes 49% SIK Delhi-NCR Mumbat Bengaluru 38% 34% 62 72% 66% Tier 2 Oties Chennal Hyderabad *Lucknow, Indore Agra, Pune, Vizag, Ahmedabad. Vijaywada ",lucknow,other,6.214332188392291e-06,5.7736042435863055e-06,6.222907359187957e-06,0.9999817609786987
COVID-19 My gains ,gains,victim,1.720030240903725e-06,1.806691216188483e-06,0.9999884366989136,7.979854672157671e-06
"Sorry, Not Sorry UnmincedWords ",donald trump,villain,6.586211839021416e-06,0.999955415725708,2.6323701604269445e-05,1.1663873010547832e-05
